store,latitude_x,longitude_x,latitude_y,longitude_y,metric_store,start_time,end_time,Starlink,Wi-fi,Генератор,Зняття готівки,Оплата карткою
Store 1,50.4153,30.5201113,50.415258,30.522344,2.182984967003582,450,1320,1,1,1,1,1
Store 2,50.4953722,30.5125626,50.495292,30.512299,2.636888906983799,450,1320,1,1,1,1,1
Store 3,50.4146777,30.6507842,50.414301,30.650869,2.503790683057181,450,1320,1,1,1,1,1
Store 4,50.4713541,30.4789656,50.471703,30.47874,2.376576957056512,480,1320,1,1,1,1,1
Store 5,50.5324081,30.605995,50.532248,30.608288,2.3408405498123317,450,1320,1,1,0,1,1
Store 6,50.4412356,30.5220373,50.441108,30.520819,2.1595671932336202,480,1320,1,1,1,1,1
Store 7,50.5186996,30.4583536,50.518478,30.45828,2.4056877866727775,450,1320,1,1,1,1,1
Store 8,50.4962737,30.3586109,50.49556,30.358346,2.3654879848909,540,1320,1,1,1,1,1
Store 9,50.4621102,30.4814373,50.462101,30.481258,2.781108835729466,300,1380,1,1,1,1,1
Store 10,50.4451509,30.4441388,50.445203,30.444036,2.6270584640009895,480,1320,1,1,1,1,1
Store 11,50.4110779,30.4048441,50.411143,30.40476,2.182414652434554,450,1320,1,1,1,1,1
Store 12,50.4071348,30.6660725,50.40711,30.66618,2.582744965691277,420,1320,1,1,1,1,1
Store 13,50.4932059,30.5759655,50.493389,30.576474,2.34966598409663,450,1320,1,1,1,1,1
Store 14,50.5002679,30.4503303,50.500799,30.450873,2.3510228525841237,450,1320,1,1,0,1,1
Store 15,50.5200805,30.5142603,50.520226,30.51452,2.754348335711019,300,1380,1,1,1,1,1
Store 16,50.5099573,30.505947,50.509914,30.50591,2.5659658174466666,450,1320,1,1,1,1,1
Store 17,50.4981355,30.5175452,50.497957,30.517891,2.2940250940953226,450,1320,1,1,1,1,1
Store 18,50.5040845,30.5120878,50.505198,30.512144,2.401745082237063,480,1320,1,1,1,1,1
Store 19,50.4621138,30.4941866,50.462079,30.494244,2.2615007731982804,480,1320,1,1,1,1,1
Store 20,50.4312328,30.3834772,50.431315,30.383651,2.51067903103221,450,1320,1,1,1,1,1
Store 21,50.4473747,30.4942204,50.44743,30.49444,2.50745106090197,300,1380,1,1,1,1,1
Store 22,50.4052978,30.6314739,50.405393,30.631846,2.230448921378274,450,1320,1,1,1,1,1
Store 23,50.4642626,30.6102157,50.464371,30.610285,2.4581844355702627,450,1320,1,1,1,1,1
Store 24,50.4049728,30.6115912,50.405591,30.611193,2.6080979463252794,540,1320,0,1,1,1,1
Store 25,50.3995507,30.6169757,50.399276,30.616704,2.742175043223677,450,1320,1,1,1,1,1
Store 26,50.4706678,30.4621492,50.470626,30.461664,2.0149403497929366,480,1320,1,1,1,1,1
Store 27,50.4136617,30.6362575,50.414054,30.636607,2.5299434016586693,450,1320,1,1,1,1,1
Store 28,50.4107009,30.5446817,50.41074,30.545757,2.3087777736647213,450,1320,1,1,1,1,1
Store 29,50.5025139,30.605154,50.502558,30.605179,2.631950826259217,450,1320,1,1,1,1,1
Store 30,50.5129259,30.6233228,50.513155,30.623016,2.5150786750759226,450,1320,1,1,1,1,1
Store 31,50.5071602,30.4407139,50.507233,30.44086,2.2591158441850663,450,1320,1,1,1,1,1
Store 32,50.4173526,30.618376,50.417252,30.618417,2.2709116394104814,480,1320,1,1,1,1,1
Store 33,50.505202,30.4534833,50.505279,30.453488,2.4316853446860116,450,1320,1,1,1,1,1
Store 34,50.4013046,30.5643976,50.401534,30.564091,2.498586208817518,450,1320,1,1,1,1,1
Store 35,50.4514,30.632373,50.451393,30.63235,2.2973227142053028,450,1320,1,1,1,1,1
Store 36,50.4925691,30.5997936,50.492563,30.599994,2.516667559099043,450,1320,1,1,1,1,1
Store 37,50.3742601,30.4483448,50.373832,30.446797,2.495821753385906,540,1320,1,1,1,1,1
Store 38,50.4246581,30.3829532,50.424666,30.383076,2.3780343224573315,450,1320,1,1,1,1,1
Store 39,50.3843498,30.4581089,50.384299,30.45815,2.5733358400660675,300,1380,1,1,1,1,1
Store 40,50.4272144,30.5306381,50.4272,30.530629,2.3062105081677613,450,1320,0,1,1,1,1
Store 41,50.516326,30.6021406,50.516616,30.601924,2.8163075994319398,420,1380,1,1,1,1,1
Store 42,50.435747,30.490125,50.435939,30.489985,2.3382572302462554,480,1320,1,1,1,1,1
Store 43,50.4848497,30.6394444,50.484819,30.639434,2.4302363534115106,450,1320,1,1,1,1,1
Store 44,50.4605094,30.6420613,50.460746,30.642653,2.3106933123433606,540,1200,1,1,1,1,1
Store 45,50.416482,30.519065,50.416525,30.519005,2.3679147387937527,450,1320,1,1,1,1,1
Store 46,50.5030314,30.5065173,50.503042,30.506489,2.370142847051102,480,1320,1,1,1,1,1
Store 47,50.5050319,30.4908374,50.505331,30.491009,2.363235804483694,450,1320,1,1,1,1,1
Store 48,50.5173378,30.6165047,50.517409,30.616649,2.636788689034375,450,1320,1,1,1,1,1
Store 49,50.5087389,30.6071503,50.508721,30.607418,2.574147064150723,450,1320,1,1,1,1,1
Store 50,50.5336179,30.6004935,50.533542,30.600594,2.3136563466180315,420,1320,1,1,1,1,1
Store 51,50.5225298,30.4513527,50.522658,30.451686,2.3684728384403617,480,1320,1,1,1,1,1
Store 52,50.3976213,30.63894,50.397688,30.638267,2.60788374435699,450,1320,1,1,1,1,1
Store 53,50.5190575,30.5017881,50.519076,30.501747,2.1562461903973444,450,1320,1,1,1,1,1
Store 54,50.5128977,30.4967561,50.512704,30.496875,2.595606434865603,480,1320,1,1,1,1,1
Store 55,50.5097303,30.4984048,50.509463,30.497693,2.654465333520146,480,1320,1,1,0,1,1
Store 56,50.5192023,30.4985759,50.519204,30.4985,2.5548524343720547,420,1320,1,1,1,1,1
Store 57,50.4714335,30.5022901,50.471374,30.502307,2.345569756056392,480,1320,1,1,1,1,1
Store 58,50.4280562,30.5937243,50.427943,30.593448,2.5260806918020298,450,1320,1,1,1,1,1
Store 59,50.4566594,30.3832577,50.456693,30.38344,2.506234359612126,450,1320,1,1,1,1,1
Store 60,50.4513427,30.4685788,50.451306,30.467988,2.725012725341157,300,1380,1,1,1,1,1
Store 61,50.4531978,30.4473307,50.453158,30.447263,2.5692568333286103,480,1320,1,1,1,1,1
Store 62,50.459043,30.3966513,50.459056,30.39885,2.6662370958958044,300,1380,1,1,1,1,1
Store 63,50.4845749,30.5923522,50.484534,30.595457,2.6193020758756083,450,1320,1,1,1,1,1
Store 64,50.5200933,30.4656634,50.519427,30.465297,2.5504729571065634,480,1320,1,1,1,1,1
Store 65,50.5249593,30.5035206,50.525035,30.50362,2.36078268987328,450,1320,1,1,1,1,1
Store 66,50.4720894,30.3374664,50.472025,30.337587,2.540954808926133,450,1320,1,1,1,1,1
Store 67,50.510528,30.4196891,50.510505,30.419726,2.5671440451956573,450,1320,1,1,1,1,1
Store 68,50.5046359,30.4284221,50.504688,30.428548,2.508798965403905,450,1350,1,1,1,1,1
Store 69,50.5048851,30.4368732,50.504707,30.437289,2.668199484198662,480,1350,1,1,1,1,1
Store 70,50.4866342,30.5851212,50.486647,30.585121,2.4068806700491248,450,1320,1,1,1,1,1
Store 71,50.4916456,30.5833302,50.491599,30.5833,2.2496874278053016,450,1320,1,1,1,1,1
Store 72,50.4122257,30.6441621,50.412018,30.644346,2.533772058384718,450,1320,1,1,1,1,1
Store 73,50.4395299,30.5922833,50.439748,30.592387,2.3951515915045425,450,1320,1,1,1,1,1
Store 74,50.462617,30.5187733,50.462439,30.519044,2.531478917042255,480,1320,1,1,0,1,1
Store 75,50.4560884,30.4970626,50.456052,30.497252,2.505149978319906,300,1380,1,1,0,1,1
Store 76,50.4966711,30.462591,50.496642,30.4626,2.1455071714096627,450,1350,1,1,1,1,1
Store 77,50.4384659,30.5234749,50.438757,30.523178,2.73870130043471,420,1380,1,1,1,1,1
Store 78,50.4008674,30.6316319,50.400937,30.631575,2.3012470886362113,450,1320,1,1,1,1,1
Store 79,50.4847092,30.6042674,50.484746,30.604443,2.3525683861793087,450,1320,1,1,1,1,1
Store 80,50.3411032,30.5508532,50.340938,30.550683,1.9731278535996988,450,1320,1,1,1,1,1
Store 81,50.4161887,30.5319178,50.416111,30.53186,2.2986347831244354,450,1320,1,1,1,1,1
Store 82,50.421502,30.6499776,50.421521,30.649937,2.6336704060514435,420,1320,1,1,1,1,1
Store 83,50.414165,30.6619003,50.414165,30.661806,2.625209525381881,450,1320,1,1,1,1,1
Store 84,50.4268781,30.6384423,50.427168,30.6392,2.1024337056813365,450,1320,1,1,1,1,1
Store 85,50.427216,30.4588413,50.427084,30.459089,2.3928727454020793,450,1320,1,1,1,1,1
Store 86,50.4321996,30.4553974,50.432254,30.455303,2.2629254693318317,450,1320,1,1,0,1,1
Store 87,50.455872,30.345792,50.455945,30.345746,2.2425414282983844,450,1320,0,1,1,1,1
Store 88,50.4563449,30.5915808,50.456321,30.593928,2.479143247978613,450,1320,1,1,1,1,1
Store 89,50.4536398,30.5987327,50.453254,30.598383,2.2357808703275603,450,1320,1,1,1,1,1
Store 90,50.4726943,30.406255,50.472699,30.406233,2.236537261488694,450,1350,1,1,1,1,1
Store 91,50.4117964,30.4125563,50.411725,30.412683,2.419625360887743,480,1320,1,1,1,1,1
Store 92,50.4713846,30.5175461,50.47131,30.517505,2.485153349903652,480,1320,1,1,1,1,1
Store 93,50.431483,30.6178116,50.431483,30.6178116,2.4387999905723476,450,1320,1,1,1,1,1
Store 94,50.4674724,30.6298298,50.4674724,30.6298298,2.4387999905723476,450,1320,1,1,1,1,1
